{
 "cells": [
  {
   "cell_type": "code",
   "execution_count": 1,
   "metadata": {},
   "outputs": [],
   "source": [
    "import math\n",
    "import torch\n",
    "from torch import nn\n",
    "from torch import Tensor\n",
    "from torch.nn  import functional as F\n",
    "import gpytorch\n",
    "from matplotlib import pyplot as plt\n",
    "import sys\n",
    "from decimal import Decimal\n",
    "sys.path.append(\"..\")\n",
    "import vvkernels as vvk\n",
    "import vvk_rbfkernel as vvk_rbf\n",
    "import vvmeans as vvm\n",
    "import vvlikelihood as vvll\n",
    "from vfield import VField\n",
    "import numpy as np\n",
    "%matplotlib inline\n",
    "%load_ext autoreload\n",
    "%autoreload 2"
   ]
  },
  {
   "cell_type": "code",
   "execution_count": 2,
   "metadata": {},
   "outputs": [],
   "source": [
    "sample_x = torch.linspace(0, 1, 300)\n",
    "k = 2\n",
    "N = sample_x.shape[0]\n",
    "indices = torch.randperm(N)[:k]\n",
    "train_x = sample_x[indices]\n",
    "#train_x = train_x.reshape(train_x.shape[0],1)\n",
    "\n",
    "train_y = torch.stack([\n",
    "    torch.sin(train_x * (2 * math.pi)) + torch.randn(train_x.size()) * 0.2,\n",
    "    torch.cos(train_x * (2 * math.pi)) + torch.randn(train_x.size()) * 0.2,\n",
    "], -1)\n",
    "\n",
    "def g_theta(theta):\n",
    "    return torch.linspace(0, 1, 10)"
   ]
  },
  {
   "cell_type": "code",
   "execution_count": 3,
   "metadata": {},
   "outputs": [],
   "source": [
    "\n",
    "x_train = train_x #loc #torch.linspace(0, 1, 10)\n",
    "y_train = train_y #v  #torch.stack([torch.sin(train_x * (2 * math.pi)) + torch.randn(train_x.size()) * 0.2,torch.cos(train_x * (2 * math.pi)) + torch.randn(train_x.size()) * 0.2,], -1)\n",
    "\n",
    "class MultitaskGPModel(gpytorch.models.ExactGP):\n",
    "    def __init__(self, train_x, train_y, likelihood):\n",
    "        super(MultitaskGPModel, self).__init__(train_x, train_y, likelihood)\n",
    "        a = torch.ones(2,2)\n",
    "        chol_q = torch.tril(a)\n",
    "        self.mean_module = vvm.TensorProductSubMean(gpytorch.means.ConstantMean(), num_tasks = 2)\n",
    "#         self.covar_module = gpytorch.kernels.MultitaskKernel(\n",
    "#             gpytorch.kernels.RBFKernel(), num_tasks=2, rank=1\n",
    "#         )\n",
    "        self.covar_module = vvk.TensorProductKernel(vvk_rbf.vvkRBFKernel(), a[0,0], a[1,0], a[1,1], num_tasks = 2, rank =1,  task_covar_prior=None)\n",
    "\n",
    "    def forward(self, x):\n",
    "        mean_x = self.mean_module(x)\n",
    "        covar_x = self.covar_module(x,x)\n",
    "        return gpytorch.distributions.MultitaskMultivariateNormal(mean_x, covar_x)\n",
    "    \n",
    "    \n",
    "\n",
    "\n",
    "\n",
    "\n",
    "likelihood = vvll.TensorProductLikelihood(num_tasks = 2)\n",
    "\n",
    "\n",
    "\n",
    "model = MultitaskGPModel(x_train, y_train, likelihood)\n",
    "\n"
   ]
  },
  {
   "cell_type": "code",
   "execution_count": 4,
   "metadata": {},
   "outputs": [
    {
     "name": "stdout",
     "output_type": "stream",
     "text": [
      "START HYPERPARAMETERS optimization\n",
      "kernel inside\n",
      "tensor([[1.0000, 1.0000, 0.9928, 0.9928],\n",
      "        [1.0000, 2.0000, 0.9928, 1.9855],\n",
      "        [0.9928, 0.9928, 1.0000, 1.0000],\n",
      "        [0.9928, 1.9855, 1.0000, 2.0000]], grad_fn=<UnsafeViewBackward>)\n",
      "likelihood.task_noise_covar_factor\n",
      "Parameter containing:\n",
      "tensor([[-0.1175],\n",
      "        [-0.8819]], requires_grad=True)\n",
      "likelihood.raw_noise\n",
      "Parameter containing:\n",
      "tensor([0.], requires_grad=True)\n",
      "mean_module.base_means.0.constant\n",
      "Parameter containing:\n",
      "tensor([0.], requires_grad=True)\n",
      "mean_module.base_means.1.constant\n",
      "Parameter containing:\n",
      "tensor([0.], requires_grad=True)\n",
      "covar_module.chol_11\n",
      "Parameter containing:\n",
      "tensor(1., requires_grad=True)\n",
      "covar_module.chol_22\n",
      "Parameter containing:\n",
      "tensor(1., requires_grad=True)\n",
      "covar_module.chol_21\n",
      "Parameter containing:\n",
      "tensor(1., requires_grad=True)\n",
      "covar_module.task_covar_module.covar_factor\n",
      "Parameter containing:\n",
      "tensor([[-0.6353],\n",
      "        [-1.0828]], requires_grad=True)\n",
      "covar_module.task_covar_module.raw_var\n",
      "Parameter containing:\n",
      "tensor([-0.0939, -1.0048], requires_grad=True)\n",
      "covar_module.data_covar_module.raw_lengthscale\n",
      "Parameter containing:\n",
      "tensor([[0.]], requires_grad=True)\n",
      "here\n",
      "kernel inside\n",
      "tensor([[1.7071, 1.1037, 0.9928, 0.9928],\n",
      "        [1.1037, 3.4710, 0.9928, 1.9855],\n",
      "        [0.9928, 0.9928, 1.7071, 1.1037],\n",
      "        [0.9928, 1.9855, 1.1037, 3.4710]], grad_fn=<AddBackward0>)\n",
      "end here\n",
      "Iter 1/50 - Loss: 5.238\n",
      "kernel inside\n",
      "tensor([[0.8100, 0.8100, 0.8049, 0.8049],\n",
      "        [0.8100, 1.6200, 0.8049, 1.6098],\n",
      "        [0.8049, 0.8049, 0.8100, 0.8100],\n",
      "        [0.8049, 1.6098, 0.8100, 1.6200]], grad_fn=<UnsafeViewBackward>)\n",
      "likelihood.task_noise_covar_factor\n",
      "Parameter containing:\n",
      "tensor([[-0.0175],\n",
      "        [-0.7819]], requires_grad=True)\n",
      "likelihood.raw_noise\n",
      "Parameter containing:\n",
      "tensor([-0.1000], requires_grad=True)\n",
      "mean_module.base_means.0.constant\n",
      "Parameter containing:\n",
      "tensor([0.1000], requires_grad=True)\n",
      "mean_module.base_means.1.constant\n",
      "Parameter containing:\n",
      "tensor([-0.1000], requires_grad=True)\n",
      "covar_module.chol_11\n",
      "Parameter containing:\n",
      "tensor(0.9000, requires_grad=True)\n",
      "covar_module.chol_22\n",
      "Parameter containing:\n",
      "tensor(0.9000, requires_grad=True)\n",
      "covar_module.chol_21\n",
      "Parameter containing:\n",
      "tensor(0.9000, requires_grad=True)\n",
      "covar_module.task_covar_module.covar_factor\n",
      "Parameter containing:\n",
      "tensor([[-0.6353],\n",
      "        [-1.0828]], requires_grad=True)\n",
      "covar_module.task_covar_module.raw_var\n",
      "Parameter containing:\n",
      "tensor([-0.0939, -1.0048], requires_grad=True)\n",
      "covar_module.data_covar_module.raw_lengthscale\n",
      "Parameter containing:\n",
      "tensor([[0.1000]], requires_grad=True)\n",
      "here\n",
      "kernel inside\n",
      "tensor([[1.4548, 0.8237, 0.8049, 0.8049],\n",
      "        [0.8237, 2.8758, 0.8049, 1.6098],\n",
      "        [0.8049, 0.8049, 1.4548, 0.8237],\n",
      "        [0.8049, 1.6098, 0.8237, 2.8758]], grad_fn=<AddBackward0>)\n",
      "end here\n",
      "Iter 2/50 - Loss: 4.906\n",
      "kernel inside\n",
      "tensor([[0.6398, 0.6432, 0.6363, 0.6397],\n",
      "        [0.6432, 1.2871, 0.6397, 1.2801],\n",
      "        [0.6363, 0.6397, 0.6398, 0.6432],\n",
      "        [0.6397, 1.2801, 0.6432, 1.2871]], grad_fn=<UnsafeViewBackward>)\n",
      "likelihood.task_noise_covar_factor\n",
      "Parameter containing:\n",
      "tensor([[ 0.0121],\n",
      "        [-0.6817]], requires_grad=True)\n",
      "likelihood.raw_noise\n",
      "Parameter containing:\n",
      "tensor([-0.2001], requires_grad=True)\n",
      "mean_module.base_means.0.constant\n",
      "Parameter containing:\n",
      "tensor([0.1975], requires_grad=True)\n",
      "mean_module.base_means.1.constant\n",
      "Parameter containing:\n",
      "tensor([-0.1999], requires_grad=True)\n",
      "covar_module.chol_11\n",
      "Parameter containing:\n",
      "tensor(0.7999, requires_grad=True)\n",
      "covar_module.chol_22\n",
      "Parameter containing:\n",
      "tensor(0.8003, requires_grad=True)\n",
      "covar_module.chol_21\n",
      "Parameter containing:\n",
      "tensor(0.8041, requires_grad=True)\n",
      "covar_module.task_covar_module.covar_factor\n",
      "Parameter containing:\n",
      "tensor([[-0.6353],\n",
      "        [-1.0828]], requires_grad=True)\n",
      "covar_module.task_covar_module.raw_var\n",
      "Parameter containing:\n",
      "tensor([-0.0939, -1.0048], requires_grad=True)\n",
      "covar_module.data_covar_module.raw_lengthscale\n",
      "Parameter containing:\n",
      "tensor([[0.1990]], requires_grad=True)\n",
      "here\n",
      "kernel inside\n",
      "tensor([[1.2381, 0.6350, 0.6363, 0.6397],\n",
      "        [0.6350, 2.3501, 0.6397, 1.2801],\n",
      "        [0.6363, 0.6397, 1.2381, 0.6350],\n",
      "        [0.6397, 1.2801, 0.6350, 2.3501]], grad_fn=<AddBackward0>)\n",
      "end here\n",
      "Iter 3/50 - Loss: 4.576\n",
      "kernel inside\n",
      "tensor([[0.4895, 0.5031, 0.4872, 0.5007],\n",
      "        [0.5031, 1.0082, 0.5007, 1.0033],\n",
      "        [0.4872, 0.5007, 0.4895, 0.5031],\n",
      "        [0.5007, 1.0033, 0.5031, 1.0082]], grad_fn=<UnsafeViewBackward>)\n",
      "likelihood.task_noise_covar_factor\n",
      "Parameter containing:\n",
      "tensor([[-0.0208],\n",
      "        [-0.5814]], requires_grad=True)\n",
      "likelihood.raw_noise\n",
      "Parameter containing:\n",
      "tensor([-0.3005], requires_grad=True)\n",
      "mean_module.base_means.0.constant\n",
      "Parameter containing:\n",
      "tensor([0.2876], requires_grad=True)\n",
      "mean_module.base_means.1.constant\n",
      "Parameter containing:\n",
      "tensor([-0.2998], requires_grad=True)\n",
      "covar_module.chol_11\n",
      "Parameter containing:\n",
      "tensor(0.6997, requires_grad=True)\n",
      "covar_module.chol_22\n",
      "Parameter containing:\n",
      "tensor(0.7008, requires_grad=True)\n",
      "covar_module.chol_21\n",
      "Parameter containing:\n",
      "tensor(0.7191, requires_grad=True)\n",
      "covar_module.task_covar_module.covar_factor\n",
      "Parameter containing:\n",
      "tensor([[-0.6353],\n",
      "        [-1.0828]], requires_grad=True)\n",
      "covar_module.task_covar_module.raw_var\n",
      "Parameter containing:\n",
      "tensor([-0.0939, -1.0048], requires_grad=True)\n",
      "covar_module.data_covar_module.raw_lengthscale\n",
      "Parameter containing:\n",
      "tensor([[0.2958]], requires_grad=True)\n",
      "here\n",
      "kernel inside\n",
      "tensor([[1.0442, 0.5152, 0.4872, 0.5007],\n",
      "        [0.5152, 1.9004, 0.5007, 1.0033],\n",
      "        [0.4872, 0.5007, 1.0442, 0.5152],\n",
      "        [0.5007, 1.0033, 0.5152, 1.9004]], grad_fn=<AddBackward0>)\n",
      "end here\n",
      "Iter 4/50 - Loss: 4.239\n",
      "kernel inside\n",
      "tensor([[0.3594, 0.3887, 0.3579, 0.3870],\n",
      "        [0.3887, 0.7819, 0.3870, 0.7786],\n",
      "        [0.3579, 0.3870, 0.3594, 0.3887],\n",
      "        [0.3870, 0.7786, 0.3887, 0.7819]], grad_fn=<UnsafeViewBackward>)\n",
      "likelihood.task_noise_covar_factor\n",
      "Parameter containing:\n",
      "tensor([[-0.0733],\n",
      "        [-0.4808]], requires_grad=True)\n",
      "likelihood.raw_noise\n",
      "Parameter containing:\n",
      "tensor([-0.4012], requires_grad=True)\n",
      "mean_module.base_means.0.constant\n",
      "Parameter containing:\n",
      "tensor([0.3581], requires_grad=True)\n",
      "mean_module.base_means.1.constant\n",
      "Parameter containing:\n",
      "tensor([-0.3996], requires_grad=True)\n",
      "covar_module.chol_11\n",
      "Parameter containing:\n",
      "tensor(0.5995, requires_grad=True)\n",
      "covar_module.chol_22\n",
      "Parameter containing:\n",
      "tensor(0.6013, requires_grad=True)\n",
      "covar_module.chol_21\n",
      "Parameter containing:\n",
      "tensor(0.6483, requires_grad=True)\n",
      "covar_module.task_covar_module.covar_factor\n",
      "Parameter containing:\n",
      "tensor([[-0.6353],\n",
      "        [-1.0828]], requires_grad=True)\n",
      "covar_module.task_covar_module.raw_var\n",
      "Parameter containing:\n",
      "tensor([-0.0939, -1.0048], requires_grad=True)\n",
      "covar_module.data_covar_module.raw_lengthscale\n",
      "Parameter containing:\n",
      "tensor([[0.3891]], requires_grad=True)\n",
      "here\n",
      "kernel inside\n",
      "tensor([[0.8774, 0.4239, 0.3579, 0.3870],\n",
      "        [0.4239, 1.5258, 0.3870, 0.7786],\n",
      "        [0.3579, 0.3870, 0.8774, 0.4239],\n",
      "        [0.3870, 0.7786, 0.4239, 1.5258]], grad_fn=<AddBackward0>)\n",
      "end here\n",
      "Iter 5/50 - Loss: 3.909\n",
      "kernel inside\n",
      "tensor([[0.2501, 0.2851, 0.2492, 0.2840],\n",
      "        [0.2851, 0.5767, 0.2840, 0.5745],\n",
      "        [0.2492, 0.2840, 0.2501, 0.2851],\n",
      "        [0.2840, 0.5745, 0.2851, 0.5767]], grad_fn=<UnsafeViewBackward>)\n",
      "likelihood.task_noise_covar_factor\n",
      "Parameter containing:\n",
      "tensor([[-0.1150],\n",
      "        [-0.3802]], requires_grad=True)\n",
      "likelihood.raw_noise\n",
      "Parameter containing:\n",
      "tensor([-0.5022], requires_grad=True)\n",
      "mean_module.base_means.0.constant\n",
      "Parameter containing:\n",
      "tensor([0.3893], requires_grad=True)\n",
      "mean_module.base_means.1.constant\n",
      "Parameter containing:\n",
      "tensor([-0.4992], requires_grad=True)\n",
      "covar_module.chol_11\n",
      "Parameter containing:\n",
      "tensor(0.5001, requires_grad=True)\n",
      "covar_module.chol_22\n",
      "Parameter containing:\n",
      "tensor(0.5017, requires_grad=True)\n",
      "covar_module.chol_21\n",
      "Parameter containing:\n",
      "tensor(0.5701, requires_grad=True)\n",
      "covar_module.task_covar_module.covar_factor\n",
      "Parameter containing:\n",
      "tensor([[-0.6353],\n",
      "        [-1.0828]], requires_grad=True)\n",
      "covar_module.task_covar_module.raw_var\n",
      "Parameter containing:\n",
      "tensor([-0.0939, -1.0048], requires_grad=True)\n",
      "covar_module.data_covar_module.raw_lengthscale\n",
      "Parameter containing:\n",
      "tensor([[0.4779]], requires_grad=True)\n",
      "here\n",
      "kernel inside\n",
      "tensor([[0.7367, 0.3288, 0.2492, 0.2840],\n",
      "        [0.3288, 1.1946, 0.2840, 0.5745],\n",
      "        [0.2492, 0.2840, 0.7367, 0.3288],\n",
      "        [0.2840, 0.5745, 0.3288, 1.1946]], grad_fn=<AddBackward0>)\n",
      "end here\n",
      "Iter 6/50 - Loss: 3.583\n",
      "kernel inside\n",
      "tensor([[0.1622, 0.1975, 0.1617, 0.1968],\n",
      "        [0.1975, 0.4017, 0.1968, 0.4003],\n",
      "        [0.1617, 0.1968, 0.1622, 0.1975],\n",
      "        [0.1968, 0.4003, 0.1975, 0.4017]], grad_fn=<UnsafeViewBackward>)\n",
      "likelihood.task_noise_covar_factor\n",
      "Parameter containing:\n",
      "tensor([[-0.1113],\n",
      "        [-0.2797]], requires_grad=True)\n",
      "likelihood.raw_noise\n",
      "Parameter containing:\n",
      "tensor([-0.6037], requires_grad=True)\n",
      "mean_module.base_means.0.constant\n",
      "Parameter containing:\n",
      "tensor([0.3773], requires_grad=True)\n",
      "mean_module.base_means.1.constant\n",
      "Parameter containing:\n",
      "tensor([-0.5986], requires_grad=True)\n",
      "covar_module.chol_11\n",
      "Parameter containing:\n",
      "tensor(0.4028, requires_grad=True)\n",
      "covar_module.chol_22\n",
      "Parameter containing:\n",
      "tensor(0.4015, requires_grad=True)\n",
      "covar_module.chol_21\n",
      "Parameter containing:\n",
      "tensor(0.4904, requires_grad=True)\n",
      "covar_module.task_covar_module.covar_factor\n",
      "Parameter containing:\n",
      "tensor([[-0.6353],\n",
      "        [-1.0828]], requires_grad=True)\n",
      "covar_module.task_covar_module.raw_var\n",
      "Parameter containing:\n",
      "tensor([-0.0939, -1.0048], requires_grad=True)\n",
      "covar_module.data_covar_module.raw_lengthscale\n",
      "Parameter containing:\n",
      "tensor([[0.5614]], requires_grad=True)\n",
      "here\n",
      "kernel inside\n",
      "tensor([[0.6109, 0.2286, 0.1617, 0.1968],\n",
      "        [0.2286, 0.9162, 0.1968, 0.4003],\n",
      "        [0.1617, 0.1968, 0.6109, 0.2286],\n",
      "        [0.1968, 0.4003, 0.2286, 0.9162]], grad_fn=<AddBackward0>)\n",
      "end here\n",
      "Iter 7/50 - Loss: 3.237\n",
      "kernel inside\n",
      "tensor([[0.0955, 0.1274, 0.0952, 0.1271],\n",
      "        [0.1274, 0.2605, 0.1271, 0.2597],\n",
      "        [0.0952, 0.1271, 0.0955, 0.1274],\n",
      "        [0.1271, 0.2597, 0.1274, 0.2605]], grad_fn=<UnsafeViewBackward>)\n",
      "likelihood.task_noise_covar_factor\n",
      "Parameter containing:\n",
      "tensor([[-0.0757],\n",
      "        [-0.1801]], requires_grad=True)\n",
      "likelihood.raw_noise\n",
      "Parameter containing:\n",
      "tensor([-0.7058], requires_grad=True)\n",
      "mean_module.base_means.0.constant\n",
      "Parameter containing:\n",
      "tensor([0.3355], requires_grad=True)\n",
      "mean_module.base_means.1.constant\n",
      "Parameter containing:\n",
      "tensor([-0.6982], requires_grad=True)\n",
      "covar_module.chol_11\n",
      "Parameter containing:\n",
      "tensor(0.3090, requires_grad=True)\n",
      "covar_module.chol_22\n",
      "Parameter containing:\n",
      "tensor(0.3005, requires_grad=True)\n",
      "covar_module.chol_21\n",
      "Parameter containing:\n",
      "tensor(0.4125, requires_grad=True)\n",
      "covar_module.task_covar_module.covar_factor\n",
      "Parameter containing:\n",
      "tensor([[-0.6353],\n",
      "        [-1.0828]], requires_grad=True)\n",
      "covar_module.task_covar_module.raw_var\n",
      "Parameter containing:\n",
      "tensor([-0.0939, -1.0048], requires_grad=True)\n",
      "covar_module.data_covar_module.raw_lengthscale\n",
      "Parameter containing:\n",
      "tensor([[0.6391]], requires_grad=True)\n",
      "here\n",
      "kernel inside\n",
      "tensor([[0.5026, 0.1411, 0.0952, 0.1271],\n",
      "        [0.1411, 0.6943, 0.1271, 0.2597],\n",
      "        [0.0952, 0.1271, 0.5026, 0.1411],\n",
      "        [0.1271, 0.2597, 0.1411, 0.6943]], grad_fn=<AddBackward0>)\n",
      "end here\n",
      "Iter 8/50 - Loss: 2.860\n",
      "kernel inside\n",
      "tensor([[0.0483, 0.0733, 0.0482, 0.0731],\n",
      "        [0.0733, 0.1506, 0.0731, 0.1502],\n",
      "        [0.0482, 0.0731, 0.0483, 0.0733],\n",
      "        [0.0731, 0.1502, 0.0733, 0.1506]], grad_fn=<UnsafeViewBackward>)\n",
      "likelihood.task_noise_covar_factor\n",
      "Parameter containing:\n",
      "tensor([[-0.0241],\n",
      "        [-0.0825]], requires_grad=True)\n",
      "likelihood.raw_noise\n",
      "Parameter containing:\n",
      "tensor([-0.8084], requires_grad=True)\n",
      "mean_module.base_means.0.constant\n",
      "Parameter containing:\n",
      "tensor([0.2754], requires_grad=True)\n",
      "mean_module.base_means.1.constant\n",
      "Parameter containing:\n",
      "tensor([-0.7985], requires_grad=True)\n",
      "covar_module.chol_11\n",
      "Parameter containing:\n",
      "tensor(0.2199, requires_grad=True)\n",
      "covar_module.chol_22\n",
      "Parameter containing:\n",
      "tensor(0.1986, requires_grad=True)\n",
      "covar_module.chol_21\n",
      "Parameter containing:\n",
      "tensor(0.3334, requires_grad=True)\n",
      "covar_module.task_covar_module.covar_factor\n",
      "Parameter containing:\n",
      "tensor([[-0.6353],\n",
      "        [-1.0828]], requires_grad=True)\n",
      "covar_module.task_covar_module.raw_var\n",
      "Parameter containing:\n",
      "tensor([-0.0939, -1.0048], requires_grad=True)\n",
      "covar_module.data_covar_module.raw_lengthscale\n",
      "Parameter containing:\n",
      "tensor([[0.7109]], requires_grad=True)\n",
      "here\n",
      "kernel inside\n",
      "tensor([[0.4175, 0.0753, 0.0482, 0.0731],\n",
      "        [0.0753, 0.5260, 0.0731, 0.1502],\n",
      "        [0.0482, 0.0731, 0.4175, 0.0753],\n",
      "        [0.0731, 0.1502, 0.0753, 0.5260]], grad_fn=<AddBackward0>)\n",
      "end here\n",
      "Iter 9/50 - Loss: 2.459\n",
      "kernel inside\n",
      "tensor([[0.0184, 0.0342, 0.0184, 0.0341],\n",
      "        [0.0342, 0.0728, 0.0341, 0.0726],\n",
      "        [0.0184, 0.0341, 0.0184, 0.0342],\n",
      "        [0.0341, 0.0726, 0.0342, 0.0728]], grad_fn=<UnsafeViewBackward>)\n",
      "likelihood.task_noise_covar_factor\n",
      "Parameter containing:\n",
      "tensor([[0.0289],\n",
      "        [0.0103]], requires_grad=True)\n",
      "likelihood.raw_noise\n",
      "Parameter containing:\n",
      "tensor([-0.9117], requires_grad=True)\n",
      "mean_module.base_means.0.constant\n",
      "Parameter containing:\n",
      "tensor([0.2034], requires_grad=True)\n",
      "mean_module.base_means.1.constant\n",
      "Parameter containing:\n",
      "tensor([-0.8997], requires_grad=True)\n",
      "covar_module.chol_11\n",
      "Parameter containing:\n",
      "tensor(0.1358, requires_grad=True)\n",
      "covar_module.chol_22\n",
      "Parameter containing:\n",
      "tensor(0.0965, requires_grad=True)\n",
      "covar_module.chol_21\n",
      "Parameter containing:\n",
      "tensor(0.2520, requires_grad=True)\n",
      "covar_module.task_covar_module.covar_factor\n",
      "Parameter containing:\n",
      "tensor([[-0.6353],\n",
      "        [-1.0828]], requires_grad=True)\n",
      "covar_module.task_covar_module.raw_var\n",
      "Parameter containing:\n",
      "tensor([-0.0939, -1.0048], requires_grad=True)\n",
      "covar_module.data_covar_module.raw_lengthscale\n",
      "Parameter containing:\n",
      "tensor([[0.7763]], requires_grad=True)\n",
      "here\n",
      "kernel inside\n",
      "tensor([[0.3571, 0.0345, 0.0184, 0.0341],\n",
      "        [0.0345, 0.4108, 0.0341, 0.0726],\n",
      "        [0.0184, 0.0341, 0.3571, 0.0345],\n",
      "        [0.0341, 0.0726, 0.0345, 0.4108]], grad_fn=<AddBackward0>)\n",
      "end here\n",
      "Iter 10/50 - Loss: 2.054\n",
      "kernel inside\n",
      "tensor([[0.0031, 0.0093, 0.0031, 0.0093],\n",
      "        [0.0093, 0.0281, 0.0093, 0.0280],\n",
      "        [0.0031, 0.0093, 0.0031, 0.0093],\n",
      "        [0.0093, 0.0280, 0.0093, 0.0281]], grad_fn=<UnsafeViewBackward>)\n",
      "likelihood.task_noise_covar_factor\n",
      "Parameter containing:\n",
      "tensor([[0.0553],\n",
      "        [0.0923]], requires_grad=True)\n",
      "likelihood.raw_noise\n",
      "Parameter containing:\n",
      "tensor([-1.0158], requires_grad=True)\n",
      "mean_module.base_means.0.constant\n",
      "Parameter containing:\n",
      "tensor([0.1234], requires_grad=True)\n",
      "mean_module.base_means.1.constant\n",
      "Parameter containing:\n",
      "tensor([-1.0018], requires_grad=True)\n",
      "covar_module.chol_11\n",
      "Parameter containing:\n",
      "tensor(0.0556, requires_grad=True)\n",
      "covar_module.chol_22\n",
      "Parameter containing:\n",
      "tensor(-0.0037, requires_grad=True)\n",
      "covar_module.chol_21\n",
      "Parameter containing:\n",
      "tensor(0.1675, requires_grad=True)\n",
      "covar_module.task_covar_module.covar_factor\n",
      "Parameter containing:\n",
      "tensor([[-0.6353],\n",
      "        [-1.0828]], requires_grad=True)\n",
      "covar_module.task_covar_module.raw_var\n",
      "Parameter containing:\n",
      "tensor([-0.0939, -1.0048], requires_grad=True)\n",
      "covar_module.data_covar_module.raw_lengthscale\n",
      "Parameter containing:\n",
      "tensor([[0.8352]], requires_grad=True)\n",
      "here\n",
      "kernel inside\n",
      "tensor([[0.3153, 0.0144, 0.0031, 0.0093],\n",
      "        [0.0144, 0.3457, 0.0093, 0.0280],\n",
      "        [0.0031, 0.0093, 0.3153, 0.0144],\n",
      "        [0.0093, 0.0280, 0.0144, 0.3457]], grad_fn=<AddBackward0>)\n",
      "end here\n",
      "Iter 11/50 - Loss: 1.688\n",
      "kernel inside\n",
      "tensor([[ 0.0004, -0.0016,  0.0004, -0.0016],\n",
      "        [-0.0016,  0.0148, -0.0016,  0.0147],\n",
      "        [ 0.0004, -0.0016,  0.0004, -0.0016],\n",
      "        [-0.0016,  0.0147, -0.0016,  0.0148]], grad_fn=<UnsafeViewBackward>)\n",
      "likelihood.task_noise_covar_factor\n",
      "Parameter containing:\n",
      "tensor([[0.0427],\n",
      "        [0.1524]], requires_grad=True)\n",
      "likelihood.raw_noise\n",
      "Parameter containing:\n",
      "tensor([-1.1208], requires_grad=True)\n",
      "mean_module.base_means.0.constant\n",
      "Parameter containing:\n",
      "tensor([0.0387], requires_grad=True)\n",
      "mean_module.base_means.1.constant\n",
      "Parameter containing:\n",
      "tensor([-1.1034], requires_grad=True)\n",
      "covar_module.chol_11\n",
      "Parameter containing:\n",
      "tensor(-0.0203, requires_grad=True)\n",
      "covar_module.chol_22\n",
      "Parameter containing:\n",
      "tensor(-0.0929, requires_grad=True)\n",
      "covar_module.chol_21\n",
      "Parameter containing:\n",
      "tensor(0.0785, requires_grad=True)\n",
      "covar_module.task_covar_module.covar_factor\n",
      "Parameter containing:\n",
      "tensor([[-0.6353],\n",
      "        [-1.0828]], requires_grad=True)\n",
      "covar_module.task_covar_module.raw_var\n",
      "Parameter containing:\n",
      "tensor([-0.0939, -1.0048], requires_grad=True)\n",
      "covar_module.data_covar_module.raw_lengthscale\n",
      "Parameter containing:\n",
      "tensor([[0.8882]], requires_grad=True)\n",
      "here\n",
      "kernel inside\n",
      "tensor([[ 0.2845,  0.0049,  0.0004, -0.0016],\n",
      "        [ 0.0049,  0.3203, -0.0016,  0.0147],\n",
      "        [ 0.0004, -0.0016,  0.2845,  0.0049],\n",
      "        [-0.0016,  0.0147,  0.0049,  0.3203]], grad_fn=<AddBackward0>)\n",
      "end here\n",
      "Iter 12/50 - Loss: 1.444\n",
      "kernel inside\n",
      "tensor([[0.0071, 0.0011, 0.0071, 0.0011],\n",
      "        [0.0011, 0.0229, 0.0011, 0.0228],\n",
      "        [0.0071, 0.0011, 0.0071, 0.0011],\n",
      "        [0.0011, 0.0228, 0.0011, 0.0229]], grad_fn=<UnsafeViewBackward>)\n",
      "likelihood.task_noise_covar_factor\n",
      "Parameter containing:\n",
      "tensor([[0.0058],\n",
      "        [0.1825]], requires_grad=True)\n",
      "likelihood.raw_noise\n",
      "Parameter containing:\n",
      "tensor([-1.2265], requires_grad=True)\n",
      "mean_module.base_means.0.constant\n",
      "Parameter containing:\n",
      "tensor([-0.0448], requires_grad=True)\n",
      "mean_module.base_means.1.constant\n",
      "Parameter containing:\n",
      "tensor([-1.1966], requires_grad=True)\n",
      "covar_module.chol_11\n",
      "Parameter containing:\n",
      "tensor(-0.0844, requires_grad=True)\n",
      "covar_module.chol_22\n",
      "Parameter containing:\n",
      "tensor(-0.1507, requires_grad=True)\n",
      "covar_module.chol_21\n",
      "Parameter containing:\n",
      "tensor(-0.0134, requires_grad=True)\n",
      "covar_module.task_covar_module.covar_factor\n",
      "Parameter containing:\n",
      "tensor([[-0.6353],\n",
      "        [-1.0828]], requires_grad=True)\n",
      "covar_module.task_covar_module.raw_var\n",
      "Parameter containing:\n",
      "tensor([-0.0939, -1.0048], requires_grad=True)\n",
      "covar_module.data_covar_module.raw_lengthscale\n",
      "Parameter containing:\n",
      "tensor([[0.9358]], requires_grad=True)\n",
      "here\n",
      "kernel inside\n",
      "tensor([[0.2645, 0.0022, 0.0071, 0.0011],\n",
      "        [0.0022, 0.3135, 0.0011, 0.0228],\n",
      "        [0.0071, 0.0011, 0.2645, 0.0022],\n",
      "        [0.0011, 0.0228, 0.0022, 0.3135]], grad_fn=<AddBackward0>)\n",
      "end here\n",
      "Iter 13/50 - Loss: 1.367\n",
      "kernel inside\n",
      "tensor([[0.0153, 0.0116, 0.0153, 0.0116],\n",
      "        [0.0116, 0.0387, 0.0116, 0.0387],\n",
      "        [0.0153, 0.0116, 0.0153, 0.0116],\n",
      "        [0.0116, 0.0387, 0.0116, 0.0387]], grad_fn=<UnsafeViewBackward>)\n",
      "likelihood.task_noise_covar_factor\n",
      "Parameter containing:\n",
      "tensor([[-0.0372],\n",
      "        [ 0.1863]], requires_grad=True)\n",
      "likelihood.raw_noise\n",
      "Parameter containing:\n",
      "tensor([-1.3329], requires_grad=True)\n",
      "mean_module.base_means.0.constant\n",
      "Parameter containing:\n",
      "tensor([-0.1152], requires_grad=True)\n",
      "mean_module.base_means.1.constant\n",
      "Parameter containing:\n",
      "tensor([-1.2676], requires_grad=True)\n",
      "covar_module.chol_11\n",
      "Parameter containing:\n",
      "tensor(-0.1236, requires_grad=True)\n",
      "covar_module.chol_22\n",
      "Parameter containing:\n",
      "tensor(-0.1730, requires_grad=True)\n",
      "covar_module.chol_21\n",
      "Parameter containing:\n",
      "tensor(-0.0939, requires_grad=True)\n",
      "covar_module.task_covar_module.covar_factor\n",
      "Parameter containing:\n",
      "tensor([[-0.6353],\n",
      "        [-1.0828]], requires_grad=True)\n",
      "covar_module.task_covar_module.raw_var\n",
      "Parameter containing:\n",
      "tensor([-0.0939, -1.0048], requires_grad=True)\n",
      "covar_module.data_covar_module.raw_lengthscale\n",
      "Parameter containing:\n",
      "tensor([[0.9787]], requires_grad=True)\n",
      "here\n",
      "kernel inside\n",
      "tensor([[0.2508, 0.0047, 0.0153, 0.0116],\n",
      "        [0.0047, 0.3076, 0.0116, 0.0387],\n",
      "        [0.0153, 0.0116, 0.2508, 0.0047],\n",
      "        [0.0116, 0.0387, 0.0047, 0.3076]], grad_fn=<AddBackward0>)\n",
      "end here\n",
      "Iter 14/50 - Loss: 1.370\n",
      "kernel inside\n",
      "tensor([[0.0191, 0.0209, 0.0190, 0.0208],\n",
      "        [0.0209, 0.0516, 0.0208, 0.0515],\n",
      "        [0.0190, 0.0208, 0.0191, 0.0209],\n",
      "        [0.0208, 0.0515, 0.0209, 0.0516]], grad_fn=<UnsafeViewBackward>)\n",
      "likelihood.task_noise_covar_factor\n",
      "Parameter containing:\n",
      "tensor([[-0.0584],\n",
      "        [ 0.1705]], requires_grad=True)\n",
      "likelihood.raw_noise\n",
      "Parameter containing:\n",
      "tensor([-1.4394], requires_grad=True)\n",
      "mean_module.base_means.0.constant\n",
      "Parameter containing:\n",
      "tensor([-0.1615], requires_grad=True)\n",
      "mean_module.base_means.1.constant\n",
      "Parameter containing:\n",
      "tensor([-1.3087], requires_grad=True)\n",
      "covar_module.chol_11\n",
      "Parameter containing:\n",
      "tensor(-0.1380, requires_grad=True)\n",
      "covar_module.chol_22\n",
      "Parameter containing:\n",
      "tensor(-0.1696, requires_grad=True)\n",
      "covar_module.chol_21\n",
      "Parameter containing:\n",
      "tensor(-0.1512, requires_grad=True)\n",
      "covar_module.task_covar_module.covar_factor\n",
      "Parameter containing:\n",
      "tensor([[-0.6353],\n",
      "        [-1.0828]], requires_grad=True)\n",
      "covar_module.task_covar_module.raw_var\n",
      "Parameter containing:\n",
      "tensor([-0.0939, -1.0048], requires_grad=True)\n",
      "covar_module.data_covar_module.raw_lengthscale\n",
      "Parameter containing:\n",
      "tensor([[1.0176]], requires_grad=True)\n",
      "here\n",
      "kernel inside\n",
      "tensor([[0.2353, 0.0109, 0.0190, 0.0208],\n",
      "        [0.0109, 0.2936, 0.0208, 0.0515],\n",
      "        [0.0190, 0.0208, 0.2353, 0.0109],\n",
      "        [0.0208, 0.0515, 0.0109, 0.2936]], grad_fn=<AddBackward0>)\n",
      "end here\n",
      "Iter 15/50 - Loss: 1.334\n",
      "kernel inside\n",
      "tensor([[0.0182, 0.0248, 0.0182, 0.0248],\n",
      "        [0.0248, 0.0557, 0.0248, 0.0556],\n",
      "        [0.0182, 0.0248, 0.0182, 0.0248],\n",
      "        [0.0248, 0.0556, 0.0248, 0.0557]], grad_fn=<UnsafeViewBackward>)\n",
      "likelihood.task_noise_covar_factor\n",
      "Parameter containing:\n",
      "tensor([[-0.0481],\n",
      "        [ 0.1402]], requires_grad=True)\n",
      "likelihood.raw_noise\n",
      "Parameter containing:\n",
      "tensor([-1.5457], requires_grad=True)\n",
      "mean_module.base_means.0.constant\n",
      "Parameter containing:\n",
      "tensor([-0.1803], requires_grad=True)\n",
      "mean_module.base_means.1.constant\n",
      "Parameter containing:\n",
      "tensor([-1.3222], requires_grad=True)\n",
      "covar_module.chol_11\n",
      "Parameter containing:\n",
      "tensor(-0.1350, requires_grad=True)\n",
      "covar_module.chol_22\n",
      "Parameter containing:\n",
      "tensor(-0.1482, requires_grad=True)\n",
      "covar_module.chol_21\n",
      "Parameter containing:\n",
      "tensor(-0.1838, requires_grad=True)\n",
      "covar_module.task_covar_module.covar_factor\n",
      "Parameter containing:\n",
      "tensor([[-0.6353],\n",
      "        [-1.0828]], requires_grad=True)\n",
      "covar_module.task_covar_module.raw_var\n",
      "Parameter containing:\n",
      "tensor([-0.0939, -1.0048], requires_grad=True)\n",
      "covar_module.data_covar_module.raw_lengthscale\n",
      "Parameter containing:\n",
      "tensor([[1.0532]], requires_grad=True)\n",
      "here\n",
      "kernel inside\n",
      "tensor([[0.2139, 0.0181, 0.0182, 0.0248],\n",
      "        [0.0181, 0.2687, 0.0248, 0.0556],\n",
      "        [0.0182, 0.0248, 0.2139, 0.0181],\n",
      "        [0.0248, 0.0556, 0.0181, 0.2687]], grad_fn=<AddBackward0>)\n",
      "end here\n",
      "Iter 16/50 - Loss: 1.203\n",
      "kernel inside\n",
      "tensor([[0.0145, 0.0232, 0.0145, 0.0232],\n",
      "        [0.0232, 0.0499, 0.0232, 0.0498],\n",
      "        [0.0145, 0.0232, 0.0145, 0.0232],\n",
      "        [0.0232, 0.0498, 0.0232, 0.0499]], grad_fn=<UnsafeViewBackward>)\n",
      "likelihood.task_noise_covar_factor\n",
      "Parameter containing:\n",
      "tensor([[-0.0175],\n",
      "        [ 0.0994]], requires_grad=True)\n",
      "likelihood.raw_noise\n",
      "Parameter containing:\n",
      "tensor([-1.6517], requires_grad=True)\n",
      "mean_module.base_means.0.constant\n",
      "Parameter containing:\n",
      "tensor([-0.1745], requires_grad=True)\n",
      "mean_module.base_means.1.constant\n",
      "Parameter containing:\n",
      "tensor([-1.3132], requires_grad=True)\n",
      "covar_module.chol_11\n",
      "Parameter containing:\n",
      "tensor(-0.1206, requires_grad=True)\n",
      "covar_module.chol_22\n",
      "Parameter containing:\n",
      "tensor(-0.1136, requires_grad=True)\n",
      "covar_module.chol_21\n",
      "Parameter containing:\n",
      "tensor(-0.1923, requires_grad=True)\n",
      "covar_module.task_covar_module.covar_factor\n",
      "Parameter containing:\n",
      "tensor([[-0.6353],\n",
      "        [-1.0828]], requires_grad=True)\n",
      "covar_module.task_covar_module.raw_var\n",
      "Parameter containing:\n",
      "tensor([-0.0939, -1.0048], requires_grad=True)\n",
      "covar_module.data_covar_module.raw_lengthscale\n",
      "Parameter containing:\n",
      "tensor([[1.0861]], requires_grad=True)\n",
      "here\n",
      "kernel inside\n",
      "tensor([[0.1904, 0.0215, 0.0145, 0.0232],\n",
      "        [0.0215, 0.2353, 0.0232, 0.0498],\n",
      "        [0.0145, 0.0232, 0.1904, 0.0215],\n",
      "        [0.0232, 0.0498, 0.0215, 0.2353]], grad_fn=<AddBackward0>)\n",
      "end here\n",
      "Iter 17/50 - Loss: 0.986\n",
      "kernel inside\n",
      "tensor([[0.0097, 0.0175, 0.0097, 0.0175],\n",
      "        [0.0175, 0.0365, 0.0175, 0.0364],\n",
      "        [0.0097, 0.0175, 0.0097, 0.0175],\n",
      "        [0.0175, 0.0364, 0.0175, 0.0365]], grad_fn=<UnsafeViewBackward>)\n",
      "likelihood.task_noise_covar_factor\n",
      "Parameter containing:\n",
      "tensor([[0.0192],\n",
      "        [0.0520]], requires_grad=True)\n",
      "likelihood.raw_noise\n",
      "Parameter containing:\n",
      "tensor([-1.7576], requires_grad=True)\n",
      "mean_module.base_means.0.constant\n",
      "Parameter containing:\n",
      "tensor([-0.1492], requires_grad=True)\n",
      "mean_module.base_means.1.constant\n",
      "Parameter containing:\n",
      "tensor([-1.2858], requires_grad=True)\n",
      "covar_module.chol_11\n",
      "Parameter containing:\n",
      "tensor(-0.0986, requires_grad=True)\n",
      "covar_module.chol_22\n",
      "Parameter containing:\n",
      "tensor(-0.0696, requires_grad=True)\n",
      "covar_module.chol_21\n",
      "Parameter containing:\n",
      "tensor(-0.1779, requires_grad=True)\n",
      "covar_module.task_covar_module.covar_factor\n",
      "Parameter containing:\n",
      "tensor([[-0.6353],\n",
      "        [-1.0828]], requires_grad=True)\n",
      "covar_module.task_covar_module.raw_var\n",
      "Parameter containing:\n",
      "tensor([-0.0939, -1.0048], requires_grad=True)\n",
      "covar_module.data_covar_module.raw_lengthscale\n",
      "Parameter containing:\n",
      "tensor([[1.1165]], requires_grad=True)\n",
      "here\n",
      "kernel inside\n",
      "tensor([[0.1693, 0.0185, 0.0097, 0.0175],\n",
      "        [0.0185, 0.1984, 0.0175, 0.0364],\n",
      "        [0.0097, 0.0175, 0.1693, 0.0185],\n",
      "        [0.0175, 0.0364, 0.0185, 0.1984]], grad_fn=<AddBackward0>)\n",
      "end here\n",
      "Iter 18/50 - Loss: 0.711\n",
      "kernel inside\n",
      "tensor([[0.0049, 0.0100, 0.0049, 0.0100],\n",
      "        [0.0100, 0.0207, 0.0100, 0.0207],\n",
      "        [0.0049, 0.0100, 0.0049, 0.0100],\n",
      "        [0.0100, 0.0207, 0.0100, 0.0207]], grad_fn=<UnsafeViewBackward>)\n",
      "likelihood.task_noise_covar_factor\n",
      "Parameter containing:\n",
      "tensor([[0.0413],\n",
      "        [0.0026]], requires_grad=True)\n",
      "likelihood.raw_noise\n",
      "Parameter containing:\n",
      "tensor([-1.8636], requires_grad=True)\n",
      "mean_module.base_means.0.constant\n",
      "Parameter containing:\n",
      "tensor([-0.1093], requires_grad=True)\n",
      "mean_module.base_means.1.constant\n",
      "Parameter containing:\n",
      "tensor([-1.2435], requires_grad=True)\n",
      "covar_module.chol_11\n",
      "Parameter containing:\n",
      "tensor(-0.0703, requires_grad=True)\n",
      "covar_module.chol_22\n",
      "Parameter containing:\n",
      "tensor(-0.0201, requires_grad=True)\n",
      "covar_module.chol_21\n",
      "Parameter containing:\n",
      "tensor(-0.1424, requires_grad=True)\n",
      "covar_module.task_covar_module.covar_factor\n",
      "Parameter containing:\n",
      "tensor([[-0.6353],\n",
      "        [-1.0828]], requires_grad=True)\n",
      "covar_module.task_covar_module.raw_var\n",
      "Parameter containing:\n",
      "tensor([-0.0939, -1.0048], requires_grad=True)\n",
      "covar_module.data_covar_module.raw_lengthscale\n",
      "Parameter containing:\n",
      "tensor([[1.1446]], requires_grad=True)\n",
      "here\n",
      "kernel inside\n",
      "tensor([[0.1510, 0.0101, 0.0049, 0.0100],\n",
      "        [0.0101, 0.1650, 0.0100, 0.0207],\n",
      "        [0.0049, 0.0100, 0.1510, 0.0101],\n",
      "        [0.0100, 0.0207, 0.0101, 0.1650]], grad_fn=<AddBackward0>)\n",
      "end here\n"
     ]
    },
    {
     "name": "stdout",
     "output_type": "stream",
     "text": [
      "Iter 19/50 - Loss: 0.399\n",
      "kernel inside\n",
      "tensor([[0.0013, 0.0032, 0.0013, 0.0032],\n",
      "        [0.0032, 0.0088, 0.0032, 0.0088],\n",
      "        [0.0013, 0.0032, 0.0013, 0.0032],\n",
      "        [0.0032, 0.0088, 0.0032, 0.0088]], grad_fn=<UnsafeViewBackward>)\n",
      "likelihood.task_noise_covar_factor\n",
      "Parameter containing:\n",
      "tensor([[ 0.0364],\n",
